228821
949879
900051
15335
762839
910437
469063
250988
180059
973699
841843
955888
792461
442046
965070
100510
840827
85673
795300
636671
977787
590513
715393
136348
189284
74054
838406
926913
571002
503384
859870
733406
669214
605355
492080
883193
843815
341035
743055
371189
133353
671417
35978
536528
773836
725099
84656
411094
426778
319144
604356
507029
307808
7192
511901
157100
634815
114134
507686
911014
997874
630865
598121
807437
843283
696304
644582
851691
468528
468606
464751
483016
14883
219410
291403
155471
992717
904881
742105
411567
151297
551293
206704
317291
255736
751883
634331
757309
462939
760973
824809
570042
228203
637508
226681
629764
8913
856389
42054
543653
760870
141547
448299
26330
766170
79933
230082
410978
218084
541342
871322
411773
423236
541011
149863
182632
319205
362511
115822
509840
914934
546274
705729
784060
175008
966860
46885
401336
673146
894027
495296
353123
252791
876827
659677
62499
190103
263025
783900
950505
153888
74112
540718
658713
234004
856502
448518
275672
598782
541963
105912
260487
668614
42628
42004
234912
56789
34244
894518
310937
874159
820095
660606
115833
540167
494409
209713
333768
647647
149618
725436
524065
712972
248841
633129
213892
569000
699918
364198
294447
352073
516879
171373
163441
19743
136249
87661
585963
267141
899341
312595
314475
476635
835825
910512
930754
295233
801969
180047
252237
436213
335995
484951
571555
930231
956208
855252
849841
826194
182159
61865
697958
335925
259466
388070
567998
727178
516806
475384
132265
961641
123237
789988
122077
201224
612357
263471
646517
806352
518383
779535
998854
451050
454515
656984
388266
699984
470966
992211
851892
740026
185858
86535
894875
110957
605720
889631
410368
455392
355453
996499
636140
120925
436866
7329
869518
704942
861998
651471
406476
318131
980946
372852
318156
252613
602896
801425
362913
552224
505092
190961
882888
114763
192596
275177
451031
388754
906244
68950
285049
49446
854111
676965
260205
231555
162642
998158
839421
319089
525286
694282
529633
142758
81223
490510
144002
285294
297184
888503
53085
28143
932419
234998
746375
581194
76919
802423
359532
68527
262745
761865
570270
169683
816036
934663
823329
47973
877001
617949
44368
762643
63385
350265
267285
149817
397679
914822
209797
992858
829802
945835
156172
992703
28828
178319
357880
894488
146201
586526
133840
51605
183954
807242
978227
58956
32369
925659
930071
757922
134839
165293
170671
982901
297974
47052
283364
553815
387340
624395
425971
684283
98660
764311
52283
955569
278377
649018
905471
504805
303628
711856
817515
955433
583817
397872
932990
297647
590910
875957
908457
879313
56853
964674
95751
697661
327540
655920
800174
543226
578536
907187
168701
567965
856240
520007
901302
941773
244601
331739
827774
537833
733813
455795
294726
31749
385095
724065
701191
531414
924304
257739
409648
960284
467912
513516
819694
253593
596050
64877
860863
348790
88382
727310
579744
906092
588363
965611
139368
392615
688036
216052
707709
33229
808112
526190
259367
126528
593800
570542
872802
335957
867114
99162
528947
656143
258522
930637
410387
278913
463772
503240
695330
244651
776376
50435
49660
423010
356157
337595
353133
191351
713888
13913
999373
492716
246735
529354
285375
463472
545274
732655
287785
43651
358986
532662
817211
196925
688951
801380
775078
835622
163311
292940
250155
631168
535441
328023
492307
429806
228381
792050
50616
692503
746544
964520
815085
406648
367238
43322
823949
772383
41803
411012
716626
778035
896518
360983
592735
267319
593023
152037
690993
268804
722545
699528
694197
217430
100150
29615
332365
857698
833656
542502
588161
163659
128988
361038
515703
332917
591510
764971
669744
848492
780540
349287
461853
511318
357336
483197
852124
770692
310704
286705
286799
993853
786681
43226
255764
389925
132799
962515
433739
766471
132021
345435
104526
697482
883918
217645
542086
773997
769586
960208
262442
332372
422987
261600
137707
663634
313370
218316
338375
598370
205473
752682
811379
641235
80858
139051
464266
938436
456859
27945
331490
238631
371661
476052
917925
518471
92846
54717
638435
169672
497513
699597
932215
477917
987081
235025
572954
121759
311684
967088
156209
202052
760581
29379
471641
72344
788403
970409
741925
85864
445141
184958
222781
941121
483356
860468
443464
834019
498513
231607
24937
787960
813064
787783
402277
391354
759071
820510
192821
53892
172001
712116
646517
230795
927907
546520
647497
685594
414383
499114
405282
534693
737866
534897
629142
860910
162035
583876
714123
989113
243421
892149
293193
817946
119241
382748
386107
693845
944156
219390
348332
563875
614784
909165
983935
394098
828885
381502
391525
758845
926891
576766
154837
471038
730166
577078
360444
288563
267665
257184
102543
976118
669795
431393
120738
928956
96415
99692
624112
903049
925929
279210
506308
425691
789202
91256
149352
413945
780491
3736
637457
800495
681024
756962
779526
912096
634883
350650
829920
904777
419958
843000
957275
141090
703213
690685
94232
91577
160427
598016
812289
77889
312880
307229
48710
33164
573627
678002
214657
301207
492819
761103
63988
987154
259987
998909
735616
954709
916251
597492
572015
247568
685155
527346
198280
630139
284057
604820
427477
603647
791285
797016
331777
335134
951227
581023
454115
489921
128634
824841
761057
688162
863598
475784
501341
343257
62781
156407
472066
593821
777892
519261
250769
184969
694828
817481
797843
847113
945032
111658
678410
976060
752482
645787
330195
517100
431415
64141
188638
898533
105993
315440
796024
229237
689412
48661
935386
555686
17626
968568
60685
111306
812882
583458
983357
627545
787756
132113
978204
953164
776679
722651
308520
721440
159560
45172
770280
724403
13459
772883
447716
432486
864070
572499
239279
982798
20945
329189
790648
415446
896430
309173
82820
109492
53818
632016
386873
217110
103422
516082
307212
379684
355474
769285
44655
247071
400786
814680
49143
84176
80047
11938
312377
229552
429622
924260
491411
79225
93576
99858
223364
937032
725018
952684
925137
352378
85172
403272
259484
624072
233003
230797
245394
886851
619829
630803
359856
422495
557145
626029
454564
164341
172722
956567
78362
764725
689372
292609
797171
384711
74749
760487
261804
529070
628907
246859
477309
88488
746536
185005
982845
389546
776904
364786
698604
252590
839059
798981
180857
226325
135443
204067
635788
944790
608692
498247
960622
847814
507202
221671
334322
386104
307985
716741
409712
835593
531035
47262
144469
887170
436349
903294
567691
911916
98694
981043
998866
331180
23304
324260
100717
302672
733373
363141
232090
524948
521608
41178
890705
980509
363254
805084
850510
669907
642223
647251
440694
621733
215783
7213
12719
614295
582635
695158
315339
793491
940868
227399
221067
673660
595042
964089
791230
393275
368700
388142
129440
909976
888335
269817
576704
874079
825396
444836
942900
205882
311911
839113
745504
372599
843050
417717
849749
443574
220479
864874
862766
406821
233615
648903
319085
838249
637313
49357
20781
990272
582650
71548
731730
950330
886725
970886
364893
182129
690986
755119
244342
672548
616145
247591
102932
964551
27644
132826
675468
787391
399299
599791
89661
414236
693044
169958
674962
151259
746497
105586
309281
186147
859706
280935
106339
717652
559448
76459
191724
246391
295346
461465
106478
420721
457527
971313
465234
525908
583126
697494
752102
313193
823613
681036
836883
553605
558876
354649
463108
324339
597567
847846
89946
57498
483622
671938
14930
721303
937129
237850
770276
391023
949767
462121
711015
66130
542409
918957
365872
848021
592151
49911
866895
738917
677991
233553
38252
6289
334205
95359
230702
916689
131355
534427
546454
511319
878877
822672
277900
175670
263889
825731
279259
895352
91445
914263
502814
996968
697664
788768
549934
75993
995039
80763
964411
36883
477144
153604
588314
921798
182766
901530
429127
889886
197677
313673
908255
230057
649562
873625
260687
5786
241846
44140
378315
812763
391353
201109
822325
176071
832610
38789
245387
361275
857917
988349
761006
490607
412935
380634
543960
647818
281519
950218
200888
141752
79697
984962
139860
834552
915994
331425
332052
602462
100436
375798
16180
648421
321434
211500
885761
74382
405633
705731
812431
302618
946083
784322
11284
631380
571956
473632
723214
622893
916344
88981
505728
261985
923656
816960
205557
393524
260984
28809
93063
915545
360395
129141
323071
458542
227370
745808
426818
606460
151784
875536
345601
248223
812087
232671
890562
16523
526457
190999
337854
780679
691723
76282
640822
526247
699501
342762
937453
637399
886667
570871
802834
567137
839163
809738
653602
684180
419565
607184
232426
49590
337900
833920
723977
804601
770666
848637
538089
539832
408911
258416
673099
75265
423023
136705
285150
322828
724489
557309
736686
899630
571125
487258
235431
200390
757162
368422
270791
250898
645877
858171
940385
709827
759530
419723
292024
966261
993965
403148
636346
581956
653477
612878
916777
798891
828616
649176
155340
186915
782509
447320
442835
520279
673150
274088
397867
385883
605577
645897
945130
950517
983978
454670
313684
824521
550147
894945
539637
419044
451250
812718
290507
816367
871735
87701
523081
140947
718481
252492
94732
828251
836573
884427
955641
389462
338426
331559
378169
449346
312233
161931
668975
295585
236912
107665
384146
905722
373834
404621
748916
226195
824603
243702
803352
925081
76719
531683
257300
736168
703140
375240
438270
851727
793698
63900
556995
356267
906074
978512
417012
693120
482161
683379
493382
160050
263150
964139
999008
665903
225486
107147
450782
83217
595078
331619
705199
485613
209055
329553
412213
946300
553515
910144
785939
806301
842189
204437
968740
943894
416769
649284
686764
545785
148179
740507
78473
68053
552506
964700
666140
89968
449003
606283
144221
985124
143908
115936
834631
167327
389408
844742
488195
236538
594868
462998
621656
756912
426866
894056
774216
186365
303844
66277
951796
369094
464996
817201
696589
983092
831882
666101
841926
981153
389454
739138
25726
230343
225891
364310
538708
649827
942533
657599
939298
645931
77077
921224
442588
591116
859135
752200
811861
171807
873052
793071
795875
124312
908331
543273
503743
794230
848621
576180
614291
5552
608273
965405
57193
235261
342648
792161
477920
674625
115237
917549
446035
540240
477624
781740
326973
289754
244225
623652
121180
914145
170843
168457
617841
673872
905925
659136
118334
844754
979757
450936
228333
688124
703805
717421
334134
175417
951189
765995
839622
446674
593382
436004
609589
554364
40381
483678
541340
287476
449129
830459
144599
271341
203242
646336
15934
605794
590498
531507
230875
657860
191119
109170
982265
948005
728161
289292
122329
7614
370851
518575
102471
323978
544713
562208
814464
893544
752320
30915
410143
922282
358390
261146
726808
477895
907481
377606
95329
343332
562085
739437
57709
554677
499000
698618
119007
631372
245282
76252
2371
155808
551588
308181
638708
560680
234854
294250
156879
806691
966351
538467
863494
97987
834924
481890
150359
333089
403392
230267
575801
124166
123277
434661
487083
137068
452696
783881
416273
752717
497586
949905
198730
904933
992586
285533
224761
637249
329972
76200
5511
557794
179493
675234
692593
444559
623601
959105
77252
195537
109519
232249
833922
133339
911120
886976
335409
275385
305412
958088
48500
188529
336303
496800
678199
184435
58256
404497
965481
612728
479993
517607
386474
889286
471142
746989
122964
304494
357691
708879
208028
314745
458739
89987
790633
818585
515286
17959
892560
503194
486571
855826
458637
957333
316878
157085
931359
44543
713171
764699
704274
897035
240769
370849
746474
209878
889896
256201
784083
6875
105901
617604
186406
120597
935489
88704
744803
328555
72892
9323
492159
689597
647339
147143
420692
939142
190109
303874
926783
628313
621376
192689
347658
656836
31363
560814
875197
598121
498901
203681
870550
731793
819264
735277
693619
856937
477597
310714
473336
847300
824223
270005
406406
615785
597002
529937
536187
348944
661753
430075
317981
471376
879740
12446
784466
602960
745245
190618
641309
444138
569426
719537
580497
791513
610092
334965
207439
336419
720104
70451
951768
889459
907216
676864
119994
442538
465563
719070
744317
294253
835584
975875
790803
148020
799659
286576
510114
836191
764407
610559
44449
379332
192453
513647
373646
840859
539748
80749
741679
94293
226883
843040
316546
308125
524302
259614
161524
837607
403578
470309
173737
862241
863804
692784
134329
343222
633694
416192
469567
293423
117470
598184
922510
468853
533629
328966
15533
267964
699394
219761
568954
999575
565585
596611
978792
73294
637642
199572
939922
314926
846711
29345
560075
685107
548642
444463
278724
882363
890306
504584
683005
578739
221756
378544
444800
881559
220083
73677
145819
352396
207270
157776
608691
131212
199418
549507
630348
149440
294402
299172
813661
80653
958382
181555
238896
657643
266782
361078
210578
154863
702276
476179
925843
497028
798063
982771
801811
619807
139712
641608
76598
541902
795740
768134
631049
695042
185594
86909
171980
179745
99732
58746
604718
11201
803412
739903
945958
454749
641192
915609
343477
542829
655374
690641
30986
921641
713936
273639
486099
878181
307473
519424
763372
205686
785020
187385
680253
699870
788014
472422
9560
83512
637609
752946
795117
76241
28452
494794
979155
183239
192168
851121
900545
873074
554247
360946
537471
524476
847770
385135
833116
925520
419463
640633
524590
756122
884403
285109
473221
741965
880983
789655
293344
96002
355959
106224
501606
731288
737729
85585
152371
602649
907406
680513
731617
277451
820106
900931
458961
475645
596022
180204
901299
700002
80774
842734
796279
636593
990612
737046
436733
327237
568247
151397
661560
490261
600909
127926
124178
457890
661036
296065
938558
588600
234934
798506
802122
32145
360104
457945
645770
897538
359863
351541
453726
809035
72229
379234
904296
665123
712806
406780
545204
401237
352347
512620
775552
912733
408571
634375
300367
440101
53790
123771
326695
443754
444445
730425
792270
357008
440470
587374
186332
647187
451806
812646
799962
128766
187014
130194
704539
659568
943063
716654
624159
731336
319475
248428
107533
555181
621057
907384
475930
854423
377302
442905
978075
517229
990873
836833
447611
324683
877563
382664
661784
265277
252811
598066
199816
707657
363461
876320
592983
486966
803786
417946
755095
787469
166775
630310
369959
786631
477988
617407
481852
591039
345476
599141
904437
977076
337634
3203
936883
785224
360430
260295
850303
412708
784068
359625
75075
31924
501517
542607
4942
611442
12655
441903
935046
525913
31037
454572
204755
523050
712495
579035
68642
458568
43136
831871
626782
539683
975668
826725
47408
621206
932003
470862
352054
604439
348426
477316
888848
811283
583749
558053
864524
741724
907795
157197
750737
571539
123291
696547
891019
766684
544623
467997
523562
75799
305332
212365
78919
302154
280231
966080
798950
427150
938323
199544
681056
890987
167807
148164
19582
413594
892031
531757
760481
6487
217197
844307
444770
719159
859633
585086
180732
392972
754948
536603
885258
550142
289683
246286
35357
108880
35091
594614
188737
78833
454530
837505
134739
874801
169162
699400
620570
20646
759266
374165
439790
965564
200841
908955
218620
329337
335581
899820
672439
418524
387802
814152
651960
660950
887938
946660
781447
984858
854270
963119
304006
824451
539848
58171
881437
192886
291992
685713
11953
890435
669142
541990
101395
377692
210530
50846
488202
67886
37795
497802
467243
961881
395819
970127
65948
616127
408351
306154
95799
642152
774311
858513
250103
946558
808187
262529
950925
23055
797640
556813
355731
444793
345483
375069
64548
69970
45029
421419
176145
417103
22923
65307
507887
10451
67029
877651
84319
197369
357387
635576
893747
176834
220166
515070
89962
783636
184270
35445
547887
270530
316147
642707
339955
237797
775830
466000
540249
131230
902494
333543
31657
718472
737774
188324
812409
313787
904585
421539
410665
515376
625683
621493
893944
22173
886272
773465
931081
823633
939338
487972
899123
358492
307410
605231
668615
623688
803799
5604
606204
705120
619406
235275
80042
719809
125582
5120
613813
982380
772189
302241
571363
675128
519780
509181
496046
512272
446828
383427
241636
504157
244220
248073
6249
278141
418030
462557
112635
296625
868417
475924
582989
866820
844318
586866
88166
895950
266480
444042
278878
437678
305973
435058
542320
292152
328803
79817
982552
592844
37594
174612
374534
548055
315463
251314
635265
190460
753107
194265
25415
420350
950475
496249
965561
732782
993019
82780
134327
232785
110963
344479
670256
668408
112737
559351
276334
910572
60954
57957
396266
890879
77907
267417
216586
274940
920889
295354
36024
52929
676687
132658
374963
568017
388954
567839
942209
748263
707019
693230
56158
923675
595866
346177
301036
239317
313471
409443
719568
893038
309372
704246
840754
514547
637198
964313
713740
171771
758319
572711
877540
593895
526389
355741
643704
626147
693065
984387
679624
715002
988112
505920
392344
844102
72025
25155
980906
920657
115418
374550
529105
752157
739290
75668
454572
37235
152731
577252
352773
105041
902721
773317
826496
234213
778282
849616
623174
845200
987885
900838
494771
395345
986223
607235
681305
704931
65037
817580
2694
904425
293417
555199
428097
43337
998357
170053
582079
853369
552129
896218
192813
709982
447595
644735
69422
581539
123383
453181
361017
225181
252279
549338
864834
947388
635710
768198
952181
645126
595977
465874
680248
418900
2216
601836
138868
680357
644943
233484
228913
267927
350819
454168
279935
605038
461723
590114
829023
157129
16363
486694
81767
271940
331631
824547
761202
892280
321469
424738
795328
864534
356088
628443
392845
379715
54845
934314
525306
396245
52549
986325
22220
181486
56770
875658
238991
535597
612469
25655
889045
968100
697558
420421
880462
105210
835888
903544
359831
296211
323388
858573
879089
492364
304290
199291
191039
513130
444690
56023
79776
793414
688741
431942
889524
776378
441305
773212
97412
143082
798113
132658
925287
243434
662648
490895
29381
334119
124342
369624
558668
336818
186580
970542
757627
257754
111936
552342
15852
38417
72088
936252
734041
350195
163371
840066
754738
314505
748963
788773
268773
460242
585230
341510
794006
293845
331078
510268
334427
205982
704714
512865
36059
405629
589565
176385
722082
972947
845661
883621
9993
382135
184881
717913
531541
717985
415165
350694
760661
571452
467987
257590
820872
825624
785000
424388
763072
784821
757019
976175
105389
881736
630420
18104
628291
686684
207183
721791
834519
303442
432202
924422
835311
1605
36166
318984
877463
611610
421086
669169
828793
847891
59228
235388
369352
688808
623888
304231
410941
346825
333174
589952
509909
626628
328713
975723
952005
690873
30928
569765
414092
256547
852647
799474
753109
722523
798459
368109
303347
721262
669356
452038
886467
992646
481646
31762
280485
2120
890432
274148
802950
654797
558330
107865
878827
633295
208499
338210
805977
79262
249030
858969
795391
827885
592885
973966
213822
557180
931219
1217
605441
633870
535149
794626
189934
517936
283251
932958
121404
480298
8864
979892
561616
220447
308124
948539
399732
690646
891538
457110
819210
823438
52144
171387
610176
956607
706813
738360
538030
510895
486153
397215
998960
680516
288018
324000
147118
813304
228707
450482
542942
376605
32735
651245
658917
638161
973854
957628
781321
371817
139877
819557
335837
90616
356868
293685
956874
644628
703439
714512
813171
28841
135450
270739
272289
640348
182015
863519
322260
55893
735871
945052
621140
166933
809690
720527
664223
539790
742349
592717
43572
132040
404821
825646
123818
197360
576594
941569
153086
168751
20611
264151
872910
892149
890342
520535
568035
531052
493787
450361
580382
353036
465788
443155
646249
383931
707130
580108
848695
183293
952246
93737
594288
251923
599556
787689
157628
968233
793177
362939
277121
972398
932334
728067
335347
970462
625984
218105
489696
287020
548173
392569
832817
779573
982052
831427
508933
997003
525937
777463
405086
985792
557368
145683
333279
431707
947214
344179
115543
155185
378072
165076
338086
488814
149644
971821
760423
279271
691079
483732
392258
279994
666185
106751
825795
381277
658719
333969
503182
140098
925904
409994
43533
729681
948204
871787
989486
542619
953589
378680
657010
20965
491562
579357
438880
303000
515463
664591
376064
340746
103241
715677
411354
537769
829852
913490
910429
507192
14324
819895
356831
538071
585841
454787
752147
14728
549866
158531
415449
917335
118947
699999
85360
967161
908288
764234
211390
11321
748340
93
929076
756384
981253
763360
117543
422189
359870
917146
521616
344658
978540
633849
990190
529770
224633
945732
403934
174552
56043
305414
336007
177678
840541
811943
253692
810257
389024
223401
514916
782403
831537
725749
182401
653361
790662
63420
984309
105520
43951
711856
290885
280497
447348
245375
109937
328864
79070
761852
701222
884485
818953
376262
514774
415422
57908
974277
923965
707582
954384
71586
491862
974011
38124
503643
41023
487595
633507
601485
508119
864767
93400
746217
186554
508511
770845
979156
4067
330033
467584
636481
113739
380494
675096
665261
357121
214813
829970
667600
445278
885305
812648
116704
504874
777688
109350
480239
108514
846742
385941
117554
557475
193086
90392
944119
621778
136086
801445
588576
215144
408001
609471
900811
487285
445247
981669
524147
109256
938365
202713
506262
540815
991321
367067
428710
514170
197262
320732
495422
207225
239206
168296
447927
458182
499486
231601
290245
918448
434754
565334
820457
83024
788946
192395
124259
992845
804961
862201
377076
79162
515450
947563
374924
839894
814848
175546
824734
69808
487820
762401
630606
769604
974714
866347
175649
296679
709322
674723
718017
530665
615402
902563
919368
632353
634313
248303
236566
581270
948680
411126
402148
309298
811458
382263
749203
956265
52149
99065
540253
789045
332265
633081
148324
417460
467006
859443
969579
152782
773939
322553
650072
490396
434231
937676
653142
701695
383756
869491
726963
650735
198661
73140
215404
609704
508232
186605
656851
491238
308101
678283
930606
124289
93394
153050
978573
583079
670673
180544
727598
652001
646858
133155
295579
400552
407301
62232
250908
65480
949084
628264
764527
928697
429660
648977
823509
135593
546384
593183
770223
675249
607135
145627
565834
826592
595405
880313
301198
998935
50476
541073
337933
695098
173137
255038
186360
425449
792231
855322
274464
630383
489453
414820
734687
229853
289935
312330
315816
107112
156592
234626
601323
460847
248301
674209
97967
589018
400900
49096
504789
255198
139822
49033
399949
366153
677306
950483
4769
905092
817065
258317
97500
662212
410341
669235
73547
298541
416843
894408
593129
318094
712257
412569
946616
618924
552503
995619
552672
505510
424494
104530
24838
693399
220983
616386
797091
964675
348344
14762
605554
928756
510728
936005
40967
364952
179086
638917
108023
205187
441476
911688
340955
584725
652648
947054
796497
402367
884962
680716
863518
672575
271053
754969
639900
394345
620045
459245
721093
880440
161336
192437
217728
46670
727454
103052
696326
955544
788362
214755
144093
577960
638509
763646
832530
968039
113656
606052
945313
544761
698951
230204
146325
769576
203686
954319
463469
18821
853249
128741
236962
212316
286981
363589
892436
223330
470898
804084
594776
445928
416769
560751
552354
806853
396418
76566
200833
736516
706114
662986
823972
786197
479154
858357
124726
512501
783247
279916
309183
238474
114388
408324
91310
495732
531000
702440
739037
131128
95198
251434
173791
531860
656630
236975
807885
777084
740984
821928
921010
167413
937390
682570
940697
691445
304775
665568
318623
746264
864602
929155
802310
551997
734375
338679
466724
114076
343552
559305
737788
345854
892364
60982
274771
742682
623008
420206
915040
953901
839412
596820
77603
70880
731390
494569
145287
973913
94063
25927
838502
101061
933825
888650
237865
661382
567654
840281
168959
655791
907370
922517
820653
660525
300751
43245
975869
279914
869812
454107
259241
245756
98743
421393
454002
456498
856441
810944
734071
791636
608009
452292
371954
95372
698762
450166
551488
750342
539326
861278
331555
178914
305475
651887
163083
313894
899367
742579
294928
284273
554041
725751
676345
630294
28454
629479
63841
524910
490088
788801
411943
906437
287532
767580
344433
766858
750704
846957
117450
887777
91345
877537
325450
765236
48889
215722
597997
164240
616585
800882
41178
416619
8711
770338
887817
623788
214522
682553
990622
507021
295071
474806
169173
734469
124502
960885
912360
159052
501460
879121
707569
982890
223358
331430
26733
109388
30997
329199
554343
342079
965025
387695
622478
362930
324708
822501
577702
730691
862949
180375
406317
505263
937471
711836
481606
916528
291198
729683
120982
877737
315336
500808
40337
720171
249885
853722
285139
991078
463941
201041
469613
386883
956767
211127
106979
787763
217526
121942
971295
893742
384325
710752
394404
607090
6675
511943
660180
61166
158109
943500
214196
454050
410805
513857
20677
552456
459913
904518
777099
172500
939441
643198
236076
100254
913850
12352
258694
811970
794442
330386
397914
430933
788805
770575
968894
372290
4326
790553
997994
454257
616627
922516
974515
906503
118560
407515
132016
196559
540105
630882
498292
132206
418952
411193
57242
179028
376258
504313
511560
468612
922322
205574
841244
775504
200575
850022
559565
542866
833965
15705
90827
137024
767637
368047
800116
61576
24253
431926
669688
446261
378077
538652
417071
574192
260914
678923
272709
148152
483553
654024
392340
703800
175944
239162
106067
324901
794427
564485
292971
834160
644604
814435
541544
652471
444675
375409
894064
988304
908336
206831
271184
740587
249315
33157
287001
370983
666581
455749
676241
141665
295750
537128
650659
29984
293198
824084
550874
979044
876366
985541
886512
849089
603237
305490
2257
711024
901073
861328
770147
666689
197385
684764
187408
999745
882294
846804
752892
140212
287992
409645
368003
678594
793723
525963
312173
998477
52892
23758
234249
889603
736605
12837
634900
110248
829708
999245
88248
540970
329358
690261
432419
611889
737741
919542
227862
546075
608873
878305
308189
265933
151220
189600
553407
379474
336207
117102
312115
6250
858261
348355
251622
468142
199869
383197
317536
937664
138231
491706
416677
99872
654904
769458
4820
848365
288227
991443
312309
459120
34020
221213
180542
4321
381425
766517
173211
923652
740258
629278
655531
490485
403397
943277
114178
18577
778654
15702
752000
45144
249572
538901
326756
804391
924530
286490
20924
638348
499232
318360
861221
587632
317959
607132
394382
249345
108698
155590
813803
994242
213330
260403
245803
869110
985926
792377
492367
926872
934215
854913
925053
213884
582857
271594
910186
775394
82947
799527
619553
609205
614108
942320
846042
597946
758509
173199
448611
288947
622468
331336
130444
686084
994599
581246
121028
486207
747574
21584
811532
408739
136493
301261
362987
346815
331549
304775
68240
113090
645430
855234
462035
608322
260998
20062
724271
116172
914636
433645
730342
762136
634646
184405
33917
500082
801598
361440
247659
99985
857785
546000
512938
469382
893284
799944
443484
894299
538968
331774
815370
98195
875438
283551
734978
911684
885299
227616
62038
701090
528021
647942
992432
361463
527766
201650
462921
21005
312808
196532
265036
578448
426292
320393
309194
265696
212935
513048
12802
505243
360274
10019
948888
45198
867961
946881
797554
402167
731477
101496
131960
64116
709019
412044
165664
994839
918051
910114
434785
379540
254261
524291
67978
211282
179440
975478
25009
31511
271708
478169
110380
331484
272922
513120
862476
750844
299134
112333
782262
253662
844443
635620
349050
821010
192966
5450
361572
2644
454669
524961
796604
695248
441287
980946
904718
976068
53313
556796
458183
430330
167933
516030
335124
181036
511563
907114
384990
587338
930690
701953
773559
845435
571698
319815
136368
254066
826473
822664
446279
966718
617651
986075
446550
296070
816902
349239
963839
10515
101511
816096
180182
144063
575413
130459
156787
932220
439655
562438
774666
615237
814276
495146
80720
17709
546783
460578
427480
701598
138451
352544
166585
57160
213140
330691
648463
735242
74275
650113
986419
221239
187285
944472
241980
496743
178498
499876
452344
294919
737561
11414
449671
403731
948908
379893
653293
286801
417286
342254
23207
95605
168876
833041
91451
95166
594037
83474
521201
394973
749601
57079
922612
876590
676093
691134
104058
18764
856119
117398
642445
458551
35368
726567
534886
309977
264580
484015
168296
838343
774729
305803
849043
885861
820783
848872
652585
486679
994696
86894
143357
309457
353738
93125
338849
387999
62543
981109
302876
997085
362031
664712
537063
270955
935554
88060
479224
959243
595119
967884
616434
538874
649685
338444
360861
935023
888348
71241
388311
617094
382807
158743
939400
963877
462840
387883
898380
513566
948155
705452
274302
861524
789864
251062
839786
57614
99140
323384
816682
470001
338107
401875
986879
629713
712030
610819
664345
676125
559007
267317
364708
116993
604294
887681
344149
126368
865535
279047
634882
323430
18506
993968
73440
550679
494680
511236
706718
352445
242269
615169
343358
864477
917677
370480
990196
81505
623889
192059
855418
929758
853627
93337
762210
872090
979479
466386
974734
731585
316419
344306
864335
114870
31966
249637
541758
862687
982556
714848
942477
937153
148165
31751
608773
768700
209139
952998
343203
454133
935293
680427
480935
766868
847791
437732
584078
738634
639472
519883
603822
20054
655686
757296
469167
609636
778954
485769
844080
932563
721027
212234
523483
827678
337575
342391
376596
943646
510759
82986
155969
168779
669442
225134
397955
11956
548288
379069
930055
459318
314054
869552
966542
958034
961782
586983
872872
916050
497189
283395
73169
788821
331032
277252
77733
771349
830499
735830
598452
906352
173502
542020
882291
68919
809230
5826
450116
292404
817345
763446
139448
716425
359023
347605
658015
882456
258601
318777
868867
247724
710914
819483
319611
397857
901000
692258
878898
754002
266706
638688
849517
621323
554654
633927
343336
838545
697501
304085
3251
14141
318201
520666
932527
90474
378387
875999
358551
253433
398692
296526
764497
932742
996791
579325
923757
261350
408167
316605
862312
979611
485941
329519
881090
815457
606001
373930
708109
144756
874684
92425
475689
573448
812179
634834
122310
704134
51154
659631
630578
619912
948273
705213
613487
362387
949920
625014
732668
222898
802474
832723
234619
458169
994572
645207
30127
652571
481183
962196
812106
633636
996369
216586
308646
900200
272438
241721
106396
816940
751489
859286
331274
854125
341438
14967
925631
276488
437408
370463
635663
525062
325972
750843
274007
385196
360421
855458
103281
206254
78211
387411
238375
944214
471371
788010
787536
522682
894611
447884
887162
502955
916660
428801
932632
939475
776889
975420
595424
278094
7821
805276
366711
910120
621473
71936
935957
415466
366873
870011
930841
302296
364943
774942
270983
928752
712909
909034
962449
804936
478062
910902
657325
808844
42613
319600
132147
400533
106631
419547
939678
453551
975679
196692
467699
573672
798840
897215
884648
831786
367920
697327
24125
358830
494577
668266
337775
391255
709971
800474
497118
162113
946209
599257
821884
45082
944478
238445
606799
831355
799350
76817
772830
839436
277477
853137
925413
342171
334975
631571
400775
44078
25354
228718
116731
731250
132108
669683
969440
259653
773090
503675
164298
86480
492423
331609
997770
624283
687770
937967
98878
196441
137746
456305
399249
361062
296928
768878
197741
97671
421848
349831
774275
589299
359810
16680
483922
836294
879710
421044
115393
372711
745057
290199
11190
876521
986130
487290
800039
95540
232032
648040
357815
441698
879586
952338
243730
666391
421390
612929
636972
248284
809235
610303
675727
69499
313166
958444
904887
392917
593512
17913
645683
301451
533643
723532
181976
609570
644469
477764
142609
404574
314094
398110
806854
674517
866692
695020
803046
370102
645647
746136
25773
808623
390506
646975
197244
978113
729942
284341
897160
809534
360946
322411
622803
142728
418824
640946
249426
96738
461814
99149
993257
834896
746674
189729
467100
477446
838692
233424
923275
507688
871738
587885
782640
779598
627632
540459
967020
662725
818261
519146
506166
634308
888249
481004
751640
322814
336194
699114
941048
845850
527458
864954
997745
758113
782305
640278
638328
384594
498402
542083
48559
812989
419893
756571
509665
681426
838797
204489
662678
214282
467288
808204
341935
972316
692457
93579
207956
33627
508257
150547
499403
798082
495344
98105
405737
690238
483123
325983
45377
48268
567733
995340
363815
749002
127428
145307
707201
901837
525413
564477
960801
1613
955171
742304
261926
258812
803683
231720
734708
552256
298046
478310
917710
941156
118617
127512
618030
131610
105879
661589
631151
235733
396115
657437
551813
684409
501763
781463
974019
447904
344377
173994
303885
341361
797174
437375
826585
342220
895455
786298
502779
333144
17230
376633
908619
723431
488966
774811
599155
101981
308039
476527
966799
438846
34411
420785
44276
676402
563516
931915
168528
554806
166147
611584
834358
507183
18245
994550
527410
995752
253291
648292
808387
261549
643492
585524
786784
244047
747925
166340
502750
40763
705753
292925
505164
253308
192939
323009
800948
609721
300931
731511
64756
107955
500809
500152
236175
476771
731355
388155
957933
627237
806719
304764
841780
654749
724292
613879
245162
935560
504373
987505
525173
286400
55167
278695
937532
985380
390062
278049
504047
295210
183092
304175
193344
11039
22839
116716
119278
458077
110343
262605
639714
123580
578967
387553
993393
796078
367211
919271
176557
795586
387208
681770
315338
947196
550054
870111
898692
38639
75032
363430
257939
775902
24780
702904
453585
805679
590034
253273
738055
515838
537557
120718
433424
102241
866024
815335
660087
839671
948503
69449
479932
39896
109447
784967
415319
274074
416394
973887
324827
152235
582405
696552
855251
669953
595954
342495
993073
373897
729554
941291
932497
288369
117928
930272
907319
181597
857419
337922
472869
998592
466558
357283
928396
603181
753896
857432
46860
98101
359983
708629
373793
483307
124675
117662
102277
165287
542489
389932
931052
208335
698023
721135
582931
370245
65256
817216
322006
420704
972985
371874
836222
77678
391190
384327
808743
756677
289190
791955
388705
674274
253607
607941
85028
100503
623587
506618
724127
146887
846250
93876
157816
543075
308313
993935
500608
260831
623048
122418
742949
869019
882244
238187
982525
461877
423112
274106
965701
648828
552177
750214
479404
604676
523524
349501
763460
451602
416433
890586
695603
627105
943654
412797
580890
18447
130445
358051
774888
224578
402676
742124
383064
227107
485241
582204
545372
49615
942797
391796
415519
95815
588150
736015
93082
869459
55199
668653
643557
926360
852937
401046
584307
584885
587372
486253
83051
197815
173897
235831
97703
575340
362046
464758
122064
775055
630586
969742
791942
736627
511234
653764
971194
480206
590247
236895
26652
276769
26603
428842
947549
382589
817851
645751
862914
601471
198469
457716
264737
606546
549561
730178
223845
231052
149416
848292
878809
494520
576468
122407
273015
243497
19416
534301
47180
253916
597466
787018
934859
727889
434798
204874
832676
875842
636725
671207
699512
54192
124662
370880
995648
704085
287596
852045
976817
248721
711638
847389
635630
912050
116147
674559
635691
592101
733406
32726
640777
871154
507619
200189
724737
632881
325323
746848
158304
444672
172436
963500
301593
464147
792587
77039
985877
58054
476095
588878
854856
872448
443998
632330
137778
766849
883040
6966
883425
761763
786695
775436
468940
269575
937614
422069
44665
732342
215967
640330
453597
842183
910512
695883
49953
262009
571779
67433
491680
937055
864758
931595
472251
381964
800369
201516
825306
649007
664203
925750
565806
241699
526540
377054
645319
245947
460090
421983
984450
762994
454546
163262
111145
756127
885784
690945
684144
25616
796441
691997
289544
921451
3696
137846
823356
847905
695709
919122
575215
237450
267041
495535
662208
130474
965784
630467
146883
980240
544547
969723
321951
864359
418741
543802
899477
812460
587093
439586
784436
569161
370659
664033
872232
499548
213765
515920
704177
661529
576276
309247
959410
343460
810809
19266
283422
224105
460956
992978
245931
715725
514360
842815
779849
149905
585558
550696
784299
27901
96362
492146
741629
613771
944104
152587
916274
860721
354841
706315
686060
857732
271973
350190
207547
56593
475179
69810
531815
13108
643854
990614
88082
951799
609518
574722
672837
35355
43262
185289
22300
772414
209870
555748
391673
619243
678436
503421
941232
479684
665272
992992
547857
778945
726292
820458
756710
117572
324332
61396
134868
230075
216044
164043
10978
261562
449368
540109
241959
307004
680885
969797
72904
210444
295067
363378
789940
713068
993857
710071
41244
96013
861364
91192
873195
443366
993341
631887
492909
243066
181122
913084
418012
212296
172132
301810
154192
256777
349722
837340
168306
198068
2261
269028
638736
79319
612852
727312
547154
220273
939053
238703
106213
886108
882661
540013
410727
707129
462310
311331
907012
193152
23436
548984
646166
650826
489246
601492
568853
355403
1310
686140
207558
88990
153548
120067
622645
48333
919057
930609
48878
53047
574688
165930
269448
806182
804428
786241
349361
726418
139001
581642
842080
386870
139153
556758
923764
770400
258877
764995
148649
129866
957760
285613
809102
496275
631194
939916
802142
914173
977477
717775
252525
839758
968492
536822
240419
554972
793572
582827
755473
884104
253757
843524
602794
338676
14785
424636
599204
150413
268955
544060
633669
538198
725220
264254
10660
80332
801800
24278
552463
787799
11749
338717
771516
14598
730085
615247
747105
560088
286094
574351
596864
304364
119734
366998
275515
58682
127926
650980
721099
184797
4111
618865
107777
954687
396192
752148
4864
472591
927751
279333
922946
718369
112213
191274
864374
621873
638988
665987
482035
799251
627140
197113
517235
263036
893698
853235
406764
919577
640220
547226
370831
369939
404896
230389
349655
194885
833623
52694
412323
939438
231160
664223
164442
724685
589565
930546
339608
840427
2771
994199
530217
478926
259879
978186
285355
375842
662127
163350
18323
499851
207340
417830
622464
883356
120700
684229
522341
584149
481048
969631
891490
340378
630012
762101
422602
645382
213816
947061
473198
711198
989428
184038
10086
248676
272278
679085
766338
693045
465945
757882
850000
525836
246597
228902
898782
318536
59133
628990
129952
175590
324939
472901
866773
967854
261581
596579
462778
156950
536237
513025
886561
511041
604046
66336
526767
478625
352066
417051
555952
261225
865784
708704
888198
154174
660980
949540
79607
919051
600446
144450
60676
337849
223974
630368
414147
907662
735876
446801
364721
471996
614598
52154
921437
482442
245446
250187
418033
351054
605522
196201
757536
841677
938853
132231
95282
579315
468646
690151
646566
483376
497009
887247
80581
460807
913095
696373
718836
726864
808170
62697
629014
645231
762102
407757
780792
991275
454454
699877
879723
392471
55201
800156
60915
285369
524962
202734
250281
127069
120091
6895
806654
813946
970774
637591
251187
306383
475625
689076
840062
807374
717218
279024
170879
334637
645009
166634
631352
636448
471879
331167
913868
415728
603132
332636
167743
802247
987188
715999
35915
989241
483915
118810
632158
635529
665518
324391
561487
362227
584801
303922
857214
330762
69970
129210
55378
205706
107769
342888
678711
838969
938681
153949
689061
332160
559528
465724
63638
251152
677822
37855
824122
497971
564702
722166
82665
112437
579317
100828
810204
537017
562286
221635
219857
992233
926768
148434
442048
130226
2406
697228
564780
158191
446232
628129
842722
461107
176690
869140
963748
683466
740428
492106
661542
498276
688947
738628
336783
635084
611973
206226
551860
173541
151920
865475
662578
957229
832327
716865
298958
37178
255263
60410
139531
534584
439270
987042
108245
972324
96318
616625
785572
889465
180455
136415
900208
182990
870534
343316
918729
785578
722197
423163
568633
271226
832916
951743
513638
463149
569472
742555
417691
64032
316912
842040
477279
118612
162097
516515
177979
292733
875400
68920
694758
637391
435898
977038
868297
857083
995505
441427
292979
319622
664882
549512
618383
870593
442779
172168
673094
592971
425549
571660
302196
386634
373086
907774
633915
526846
339821
527302
605036
88734
625348
446745
749935
918354
533245
501705
615211
293484
351873
247416
714875
200373
888810
96900
292119
454366
388736
260957
112635
497625
759457
874710
577384
525965
768976
526338
958669
414280
93704
473398
103592
383481
593272
84197
438492
744096
909112
481485
952392
765685
129964
412823
316095
118248
380620
181205
372108
6597
223856
939016
129964
479272
102421
285966
203654
552359
809553
847188
310786
829041
477557
524568
968169
230981
588940
18726
856754
541895
741777
849718
129981
622653
986017
505920
68620
844866
674396
41463
809816
332606
193228
319091
82706
863628
478979
913881
811996
385604
403585
865664
299101
995320
889091
418478
460676
848760
942719
706575
688137
847101
941385
842790
10406
395866
524128
857001
23681
152362
744042
526352
288124
885158
155069
730583
203997
260284
577083
311810
874949
731238
427300
970019
285321
758178
160359
80883
65390
234621
235740
310554
994728
169741
716878
830106
641488
422757
708041
424710
686854
700527
698289
218144
730658
214362
847089
343019
528772
469273
77425
76904
11033
412681
842242
330743
34790
699047
414700
888376
472167
295029
908129
528256
10332
28010
52283
999417
110468
896550
178869
509891
127663
912736
775420
856589
242761
111484
975433
303257
355932
734062
907639
984534
564416
262497
204501
304511
911179
44057
408111
54613
766159
665576
358499
948552
693092
313097
208217
435782
149714
214718
987317
140571
82824
786365
738198
489541
361786
82123
137456
244002
534398
574990
832491
338863
981367
350809
549692
93486
572086
317026
700688
659640
109906
704219
970265
809720
164524
834407
207515
312225
659910
652167
549407
960637
94964
921842
331647
969253
52191
738550
374790
25379
930617
747605
680597
392793
172448
728751
627558
81031
106499
798426
532709
40315
339270
213644
635668
365134
94162
413245
64421
688841
645612
739020
767538
548322
307043
802822
572281
77785
220773
702012
338304
790826
670173
579055
579025
7649
331447
322735
549708
454474
992705
119106
530630
307237
760696
863637
945263
375933
470542
625830
627388
687376
556204
377463
279105
695552
713082
779211
125230
698015
787068
130718
409535
254805
316626
51200
467931
475925
225901
769051
785017
274709
993335
63825
573948
578430
952203
80858
385871
659451
833725
153015
680424
869686
766764
722692
577146
189567
611853
516210
160692
487873
834841
353986
454312
178380
289239
454548
682642
799330
711678
690065
443607
587419
253360
835885
933118
455123
999836
561000
153844
723761
129957
211758
883941
254243
752087
399829
334372
595595
852142
22693
74303
685000
995707
697042
798637
711060
98061
837009
649308
234061
412007
995573
704748
62823
498438
965798
966354
235919
980415
859357
126030
476258
267292
645011
789680
282873
619389
461029
535415
296879
747490
533744
627869
749344
257333
461411
205259
366169
498948
317642
713529
777883
549367
34528
559573
343659
815574
329384
627378
351118
90542
44932
211176
678310
261873
869662
969843
792295
480792
828501
893898
857300
805206
653403
326627
581121
457358
179096
793073
535223
827121
886044
540608
347453
486973
217207
632695
930312
611001
953278
655519
897824
835012
212192
423721
116136
276151
758020
809135
52396
217266
677437
770576
693840
252558
891299
702315
335481
189852
503124
988836
582736
376041
821640
452328
403395
820006
54838
260183
969656
327966
869846
903418
895359
124193
468269
32659
567999
704977
503687
227723
122794
392586
921520
452798
453670
780986
726918
785322
410641
247018
955833
762936
969014
954361
171295
517246
995864
729435
640573
550474
456799
159603
530429
274494
646045
614551
725822
205618
254593
800723
338060
146600
784593
334112
373975
187144
507476
740418
684269
605879
802846
891063
661913
603194
908070
330528
173003
801334
888895
727548
108368
267391
359198
246804
85211
885608
204041
215722
900169
686071
878589
791582
721601
408487
729879
510779
548145
67173
311118
31527
677776
635266
129290
796860
775992
479491
932166
766057
219886
425660
699217
174742
918369
767221
878522
522594
78538
155048
824571
440523
137645
287686
424800
641691
543751
699250
926500
619822
222829
54229
172033
78230
939864
461364
327164
921423
314615
841849
593378
384170
668381
219765
831956
901362
543194
943310
565021
809069
793134
373076
810254
150751
855061
98128
66892
599707
680154
172580
825431
931124
818840
731098
388803
24081
881821
653257
712660
60253
874515
414623
320601
153614
253185
501150
985523
61369
137266
846499
109249
891330
925458
155129
597054
613290
576475
343060
2115
454987
514203
724527
398102
705106
108582
125031
276988
985701
964937
240737
404403
131041
424874
528158
102268
709617
966327
190099
236394
723952
746232
937048
233131
645346
770761
898927
564833
140520
368289
881469
363645
105327
975668
946402
662526
700372
939611
720805
7927
498407
344729
978632
26644
636438
428578
224359
50875
896377
786395
73069
539669
176208
415023
447912
463653
462261
570663
646350
244250
335513
70408
915989
245379
880382
294317
17312
774213
953461
729215
800325
567053
575688
977896
704918
880887
39074
715396
633031
974727
187550
23218
975875
858880
947734
312118
960202
413979
559544
759143
25903
352180
42479
983348
42558
20418
892151
588588
507751
887822
664026
271567
618845
599823
309146
684417
307568
904294
185797
662620
838292
626128
59777
566507
964165
335308
806662
130673
606282
99117
196033
394471
93802
497937
250245
555070
779156
820037
359649
238327
678491
724955
267062
350670
412691
24264
716981
582891
775048
113067
380830
577315
561880
70952
69356
388047
21115
422900
82605
357604
654428
312603
353776
406096
226466
17588
343426
924855
207739
232092
332342
780211
402163
784468
824143
111126
348198
508073
150753
225434
308577
320519
46048
614692
199240
6660
744172
533832
535867
602272
611244
231900
349872
700975
462891
835583
926582
710232
170720
215019
916535
897191
4545
759132
641766
54024
211528
735060
579904
413445
861491
118541
619514
716788
98408
127977
923086
691311
586038
511524
292508
953186
998835
161513
193768
862412
74689
447175
507843
720547
568648
596909
176581
960378
606763
766488
707904
563621
817372
178683
793368
349968
458455
358393
946943
799024
719174
313482
117938
196424
592504
552752
800300
990626
622605
230101
444569
508340
788605
5265
882782
831389
498702
84483
678548
158604
473746
270233
605615
78238
777757
449995
260956
885830
885482
110316
390840
495042
579226
250932
694826
907594
932823
922928
355339
226464
146730
263678
332894
204845
208400
16837
170341
111595
68517
444170
41660
818788
204123
52125
166088
22555
353194
375177
370307
718925
667200
241467
271544
294586
808074
61716
123785
83147
463588
619164
191172
491650
983561
281291
673045
258815
721123
878423
981584
20832
438644
487733
620217
810081
617504
426104
924793
905461
470966
139841
437859
41931
643715
516242
379696
803396
442350
341218
358541
432446
569862
643032
438575
918545
18995
993067
208472
925393
116977
792618
87813
599204
313572
321433
785002
667636
221648
316381
777461
66903
257666
360890
262734
625510
353940
345794
591004
69314
490358
79472
288294
378683
583326
313783
968217
233381
574557
512471
753847
497074
686731
796564
800987
930689
89557
918968
477498
224198
567517
541963
933822
795317
1384
87390
596310
132895
635382
27127
110032
544741
951816
88571
645739
988186
580042
989333
349533
303524
393644
108180
885542
652912
601778
435782
641836
235139
332848
431708
569905
103969
889010
593790
81188
661277
886034
765287
649229
294510
935443
629391
19307
533005
216740
104552
302079
805331
786974
370230
372938
104121
156790
731561
878815
772599
816682
676375
254548
1742
189268
842392
88635
16267
423901
398507
153661
74926
852434
172252
861663
495947
441472
942720
170213
335434
942385
918639
909319
992167
692128
121060
460819
39491
435027
943726
372008
164564
163197
309920
530486
727028
100220
172676
67328
847811
441236
517465
910315
70355
748863
522673
422348
777145
221483
34003
996948
970168
177203
766928
438500
484434
85167
651208
956740
253992
191437
430475
140016
622499
785333
906198
634752
954927
725756
430291
948127
779946
771001
240461
328588
154326
143178
838554
211547
351956
271728
318709
675512
298687
651224
806582
446798
608490
131497
365505
272928
251316
173518
914669
862638
119289
427047
410444
31049
163970
983148
197930
856902
822586
449417
372682
889444
496571
813146
758918
283695
736335
60386
981027
949763
690859
923188
429562
575092
655065
638665
23903
155556
851392
305262
562895
531420
789334
734012
303556
776694
933054
457555
321046
691977
644970
996745
581769
347482
733517
55816
148649
106995
914486
328241
656929
215791
952810
108826
144633
592162
985227
120382
763305
440959
844486
16228
756626
701331
21921
489732
801676
988241
559894
344017
737004
588532
854115
941730
678421
705881
231337
396665
366367
734590
727098
394405
883512
365765
423128
340006
244722
356004
389007
411166
972042
124405
426155
965780
481864
698998
676873
864831
253350
725938
887693
606962
745925
921792
321313
219569
136685
579203
385332
766254
702842
793213
169705
154956
536433
374601
968461
394968
736440
486536
825736
745553
300100
656261
101287
408364
887243
566239
410614
359066
843037
930610
881269
738428
333066
31465
103298
733221
180906
799093
805807
304960
915385
54583
124766
896374
452878
787171
88869
828944
156146
74668
472203
36469
697523
610060
824362
717003
219856
685239
62341
206274
966163
21990
320536
597500
895969
463716
799507
690154
927604
880588
40762
780635
779188
134538
919993
868178
476770
455156
553871
256093
43337
196997
558367
303428
571973
405703
402455
733113
772986
265028
763805
222550
247542
17056
201792
349036
965081
515093
105310
906450
705838
848338
599323
353691
70856
805236
417167
915327
160692
56362
359447
899106
839903
91468
666551
862428
495625
682197
601243
853510
306628
677787
378644
309234
677302
546228
721454
886172
799805
649825
866689
958295
267086
749073
990427
135968
487317
793389
600864
610579
47556
958607
443524
717582
41192
712909
698051
349630
281912
914462
714885
457299
167428
5435
503240
307984
470305
325188
527782
372412
415381
975082
369511
78141
26583
109993
377529
484887
889615
617530
912199
907306
821982
806275
827324
884155
751897
179671
697694
397802
260805
996626
947654
317474
580484
978652
476584
94115
906582
202029
974797
739299
54605
572667
631712
880085
355212
626338
369050
235065
679905
629603
85707
503076
291870
802637
251299
702656
865877
728957
525288
572744
306512
568090
533877
806920
275482
192685
780023
578604
920087
826626
660493
845530
748677
722469
109480
431508
855037
962064
149098
106444
637079
114343
485166
444403
750755
269185
590217
780917
872408
167670
214753
798407
593188
351340
672512
114730
468890
740680
143351
696908
522668
783657
473063
817101
736149
532282
328099
292404
772559
912849
958934
617588
542924
803947
204260
740641
414060
496493
601890
609689
105385
822200
870959
233231
846836
503146
135430
127760
863642
337889
580360
863636
351125
929605
767237
312715
428500
308590
221261
142721
297083
410169
434369
158100
733532
774047
507345
387261
137576
469261
465619
158087
557583
485235
816233
597160
707673
942504
34286
293153
528839
954819
339737
938338
197846
878375
470907
295295
582435
741779
118903
566728
582622
530891
145419
652803
324694
969768
151964
139422
801564
347563
346469
154536
555098
377947
197757
341139
34142
969515
523363
974729
14326
600891
897114
34186
360152
874774
109933
5897
210638
156731
507153
610730
895075
497945
112775
203475
240242
342223
448537
348170
127831
900102
671980
827201
390241
661232
696498
958503
975394
625062
807604
276765
115458
580726
395079
789389
838066
771623
623978
294721
705263
38179
472256
604256
72753
811883
544273
320013
465874
263127
383791
990553
494658
844307
699107
529818
475856
402341
893440
55762
223606
449035
700747
624347
610459
493141
17590
540390
152425
11316
405585
126496
636095
663322
373860
402594
418555
510818
564287
168077
327797
660948
386182
522375
235098
914329
447268
89876
794440
452697
305664
884485
247251
214649
387951
880628
426882
270868
318678
567731
985438
709305
649235
136730
866691
214456
156528
885020
684317
267929
726935
298540
989075
948903
758416
725318
525909
989065
573476
149149
807915
667388
645758
770374
710999
575956
343680
749496
444458
883559
412344
993625
785983
169624
925546
12838
75189
915051
733406
979483
971719
841355
167967
389645
988378
947120
351463
34720
440055
750897
124609
28186
176774
198845
643187
573735
630014
676417
114840
498823
594006
537492
765749
63071
93377
398134
644090
346954
439772
794913
282168
82303
423247
214983
223876
916094
111804
375913
822548
383463
698538
317016
674024
20267
106402
224324
83629
937147
197002
733208
391590
308686
915740
540320
996397
117297
131698
58670
310825
229779
606807
736517
228629
271575
397873
42644
397393
373293
972394
367397
697611
304221
253325
843583
926358
405031
501808
538126
305626
353602
12942
446388
631574
649253
878852
522611
917530
232737
783643
601926
183997
645037
695517
635893
220650
906660
321983
367194
454458
763196
235507
661484
200705
894762
962040
891691
569626
11947
11049
99352
980927
234643
179785
6356
494718
326744
958806
173049
37095
640792
193143
251485
719206
907866
416510
144736
705722
544547
370557
301327
878709
99509
593071
710332
588928
29808
440121
458565
426785
275586
388896
267517
459154
428037
774938
906134
181286
709526
921965
42899
149260
41061
343806
888218
321493
440298
149306
979663
736542
495068
624811
319435
792276
721070
56307
44001
309389
911300
689633
931616
401146
712162
769827
829726
683154
364195
688653
343009
691348
43129
565004
168139
844218
72519
921851
592623
616492
967037
633375
996607
193391
100267
774822
333485
79809
225156
387419
164002
407831
783132
106884
47464
260119
622934
937004
563619
193347
19559
911740
626033
321148
655079
970803
697162
276573
883737
493671
660567
508610
47745
786179
590878
376459
677353
840299
530901
780311
902232
633784
966458
929261
945003
656195
459613
359901
405757
720656
738627
230419
915327
171746
975223
970207
308290
509220
796600
70587
207503
930638
430541
385279
75712
472729
57701
312599
919155
137341
738290
623811
469930
759997
447220
810874
599764
576339
422943
63341
345076
381087
490945
110160
115288
188820
129270
619770
926189
129371
268534
944513
208147
806043
59513
125153
908476
988676
417005
529685
449801
797238
258894
293603
622666
207734
874261
988412
515452
611676
714435
959030
175431
55396
652867
481583
135100
490178
874783
249540
35639
133076
572287
394348
46010
821041
351381
300261
327715
561489
520313
519523
779904
479295
278860
169766
36164
241000
403660
151103
698218
234116
314811
342910
318984
834367
656317
119890
493274
709788
421055
576893
423060
163807
538780
464245
791983
403794
554361
838980
963813
227066
928041
65686
253391
437044
132277
207930
886050
214519
568734
945732
358577
194301
232272
123566
523224
328784
787637
547801
266644
528501
669779
248420
574409
498787
423289
732334
975780
792568
943298
100852
762536
642503
492476
897950
785082
490522
423337
645097
575419
164991
55602
423445
658748
329273
690636
256091
779608
30032
706997
721895
971449
669740
943806
226236
13478
395502
463173
957506
402409
531467
820686
962928
713120
704080
127780
632950
467503
65374
522628
950264
444055
331089
774428
954185
244075
117827
740288
892038
443550
564953
246097
690080
876417
356480
202066
787083
500920
633861
543083
894981
410812
375722
434846
431723
360863
585235
233463
943983
530564
877131
375361
767796
780478
125627
98012
977774
917749
918908
951449
352437
159560
987417
25952
93466
576324
59857
472192
50636
760678
318992
470715
713346
223734
958501
759317
594583
471198
940602
770202
978249
661580
709229
767703
967955
482366
686385
525045
714639
160625
697433
997392
588775
592083
69633
42919
604046
933532
536889
90078
280854
880457
813454
480859
188123
988345
677064
518276
138564
717775
691725
67583
376654
979725
956173
290484
952642
967797
535514
585308
977523
1375
622607
684569
860266
210399
993224
892650
291419
853685
803730
622080
99601
866573
62025
727693
894723
215295
449491
470759
287923
820426
410325
759894
760771
181934
325184
605166
499764
423179
964331
914680
831234
681960
676533
38809
292761
431795
357886
228479
424212
116169
391069
136867
467691
948848
90986
666978
431656
588403
435914
131477
121568
265546
339877
479117
545173
273685
975023
568070
660899
813974
280219
270027
28760
982730
143534
750555
461634
109344
828353
653993
697506
656520
963438
754216
816072
413168
52184
996827
782146
654209
475649
403791
596339
491858
162206
995845
138295
632970
979775
594388
736628
568248
579875
558332
665873
449374
315190
688885
651607
136769
835384
214857
408043
772642
56916
231931
585157
757791
340887
111472
984089
349979
26284
5503
337709
448468
737670
465934
438994
164254
479071
952795
855200
656253
225690
241980
292300
632126
517990
781408
156921
117446
856555
154245
521160
987750
548575
463635
296629
467781
814206
896433
3778
961570
394459
88439
141528
939280
581438
943373
461686
684856
693694
645034
319029
346989
132822
636734
339093
154026
895850
453514
746950
514853
404853
589768
946997
769767
587806
393932
636654
868642
737780
458976
131077
27462
185077
78064
180321
584923
690645
560482
750
705850
184650
537489
135301
72527
641143
890623
447006
951561
707911
661142
767679
27983
846982
300779
27861
232254
232980
797382
176264
884434
428433
718782
32190
247785
694977
630675
251459
713064
667406
391372
810376
102403
529377
748217
307867
272814
923709
336019
524336
576497
796074
733902
234961
126217
527572
764081
64821
545390
768441
445354
461629
780535
42529
796745
596863
282175
233632
354903
247805
633793
740229
520849
531029
984754
261504
6342
38353
960491
576502
975655
131035
269042
117260
765286
254555
352907
673390
703494
321312
422847
432765
543389
6237
246645
28874
328740
270588
915217
55390
978610
89223
392770
322135
171790
372997
278044
607027
46143
238155
160709
830780
464996
72058
407368
669249
222861
938608
206086
487302
896727
615485
603888
30998
11971
173020
824189
785371
210243
231814
143788
10933
361076
607391
961236
428228
460564
217616
618117
396707
532845
332989
400310
505654
768441
627642
438651
517341
554861
299342
76679
646058
727984
793596
799267
270672
376419
7060
693491
709570
361324
618493
435481
405688
437946
200077
457117
383706
551535
689134
465699
189211
371697
533586
457103
499627
598485
473045
357501
756816
180564
882493
425191
776959
195706
281647
412889
750680
308331
455827
32430
581768
209655
450256
720026
612548
970341
690778
964932
790466
685069
200555
297391
717593
696324
674427
230646
794203
565642
799004
800421
779296
847815
350676
697283
902646
704298
484220
808575
787818
217632
532057
290112
282166
69167
793618
519932
220695
758117
865973
512076
356020
176759
844543
132376
288873
881335
794945
922029
941327
474860
342661
330655
737143
737806
4899
572496
695295
995735
839171
453277
907039
974346
875213
861763
987751
203132
491117
364297
426813
539490
274361
369476
782934
95633
479523
991428
796340
51605
59308
397578
420452
179412
573726
623904
375291
776368
64666
372277
555898
114204
73310
536665
319932
496019
257179
593834
928114
161894
606640
467882
939503
661945
507006
455362
499582
916205
298569
463528
966720
626007
825494
138556
207776
704397
65614
122168
375503
524592
276933
221154
373832
71188
543991
689507
61582
48532
450786
944237
879812
160356
319902
326722
490117
600978
96666
254341
5906
381041
826648
841344
817962
542528
414153
461512
333257
602103
380188
440269
493346
106010
86784
19050
461825
805834
98955
92243
853313
187229
281929
169885
627219
661675
212140
126997
604738
94873
10989
616862
848532
635660
146310
98182
121417
70004
166443
647776
725206
91912
90908
212698
206938
897358
510446
44000
629400
588313
604098
416060
612809
660492
716229
498526
926294
22770
159907
268155
542965
978013
124054
654260
100471
222630
809343
302207
178374
183292
687459
65494
242815
831443
940627
113961
551185
252606
999242
226582
530501
61333
119273
662771
219536
533843
27396
583670
44970
96472
371804
225973
17176
465060
903919
134246
141377
399396
537918
926244
280511
984420
982096
123526
335889
170532
367446
545630
165852
516956
201284
438309
352043
733532
283169
491730
468443
132414
433443
598286
845830
681006
458275
527467
780242
256645
104436
488721
384316
142854
997935
790663
823098
394564
488296
872099
814735
319257
463097
178089
976414
171972
734352
54319
221541
997352
53378
536640
956882
966721
521205
697004
281088
933597
750978
155920
598071
348503
836124
589673
472380
470958
30622
873170
510718
120466
200356
798268
895179
952316
365524
812752
313806
81342
768703
707131
419580
243728
240655
910935
451295
461306
40208
312176
4557
836860
972056
811455
895159
443533
554705
129748
442221
675110
228418
731741
361221
619235
275756
33096
247693
604821
81362
75511
116432
430171
520091
387295
427694
573839
182440
977543
307821
959468
942268
905391
990467
737740
493481
757973
823537
131855
902264
111082
416590
895891
477799
246195
100566
825631
937289
99712
384891
260496
427378
763557
734866
542454
359093
377620
450364
651543
37171
748042
416944
997124
536912
660944
2609
369827
86735
873611
256762
914612
625611
234294
190172
109620
174274
750697
632313
73821
104258
287037
395415
4131
608151
435482
611938
968736
383444
433473
350328
814927
580446
396391
395196
483064
349891
577696
439758
350083
247643
363462
98453
420703
145733
232071
202870
401816
876282
641590
137630
882653
728235
173963
729665
228255
335952
455066
922298
578664
868749
212372
765511
144481
382859
204999
931115
98023
23886
809842
341826
610740
946949
65386
201500
790897
470577
263354
692158
559639
808714
560348
443815
243086
544227
796375
983542
507626
116432
119670
854161
353322
953189
791049
916995
137409
510056
201618
533387
837199
405550
954354
199919
120594
17870
805917
256643
170168
532118
638517
335467
548008
897726
425673
597531
325363
514734
353298
208197
402457
623894
912557
566090
96026
575784
672382
244116
789173
826468
427567
855622
47946
189962
287374
876386
614855
315535
924978
677922
187857
742155
69026
80355
966859
294239
565790
817717
117709
425528
667201
504768
17850
373709
272743
932258
844000
13841
103506
168867
554929
46622
675406
850653
182185
893694
395856
395698
455867
229632
249249
84300
962319
594292
764447
850071
45354
803518
188391
639404
827594
184571
575914
538090
362697
23499
715615
498899
697426
394648
58711
510269
698236
176637
959530
881779
911277
409496
406798
531637
301142
44387
941296
600372
771884
161208
677604
531813
671302
229523
206648
620375
697960
22480
573261
351341
685190
854253
650033
138232
472243
923891
288222
348406
721394
491610
12604
857249
110903
660086
609111
295454
493200
671875
766640
757452
100851
704703
290271
453456
172351
180215
676122
312571
394875
94438
116042
463351
594370
936192
428430
681999
473129
205022
146996
730032
667223
20004
181566
536943
532219
709164
565406
735685
741148
649865
848280
826588
988122
945438
325873
294285
552863
710777
313013
72361
437791
289249
612118
652464
234071
648813
126172
337251
464422
552176
103304
170635
253580
174322
903570
829535
836488
485267
432062
264794
185125
71341
307860
76553
597483
290497
63658
294333
51368
598484
326876
854389
947081
365245
405305
842470
680051
803868
465747
106224
300511
430204
581346
365274
804896
685631
128883
966595
853763
128573
196390
726
325648
831526
837289
809148
749349
717061
109864
876295
832581
297978
108324
991883
440080
485118
979060
178407
977750
142832
680892
296179
857288
157531
212719
511246
612111
862170
962419
27402
306673
646155
359942
170812
639155
479685
271472
756643
337307
728283
606620
542965
659153
948124
716953
990459
65829
767588
455674
50109
646805
180192
999429
638125
378738
233872
93378
7715
245342
544511
393111
459613
444369
943270
788509
481879
88938
589771
341854
576339
894888
267759
353090
526527
3588
182696
16757
283920
9960
348263
599759
31529
242975
262354
38436
903458
905812
726937
980041
26995
16473
929526
197908
718285
558634
380564
270122
702825
863911
481701
269385
998202
597451
896410
757297
539805
189119
617476
735563
65072
663133
885475
262226
215340
694287
975680
461217
986885
580994
895910
28555
303208
198204
511750
192895
467923
653464
506355
481746
919005
232659
365439
836191
193616
377508
117929
859545
496843
693439
249911
541726
828196
915083
662321
313738
926935
493683
428707
255560
321359
566140
954211
695972
530278
793761
3090
386782
573124
405873
670875
354482
294728
218182
650633
830383
942078
101831
719170
981616
463920
22345
59942
207310
422691
65314
980576
836258
251491
66432
63056
952320
835851
779178
745014
282191
703577
633396
356861
63508
177298
698332
427979
191485
22459
120156
461203
602389
883774
44238
279013
860521
263291
155149
515746
956370
476582
35790
969482
132714
193296
288576
345610
976579
657938
170477
775257
338072
587408
848917
967722
462169
727011
508600
187334
972845
921395
940762
959938
898618
530987
951173
453152
385279
107521
46618
588774
353143
258192
157210
846265
764989
333325
618244
810958
688715
168161
995216
184329
504447
697671
857482
699321
885624
349706
891442
575269
649760
528476
741517
84686
28815
795788
486447
756275
399471
248402
671810
637075
558302
958672
979920
779662
903879
918885
434710
353776
311516
778401
701945
107891
872670
553697
908926
244607
976622
690031
259525
690625
806727
426400
881447
35204
86700
446853
249068
49816
52475
56004
330747
870306
509156
324753
736767
287958
338719
881710
249530
568524
288074
356128
190003
629115
110730
24975
754753
973655
31778
12783
343241
928961
813702
202766
414724
189013
637156
942198
428532
620272
795529
707589
3838
430701
891688
288472
599728
76047
968671
912868
894734
349697
59984
929930
83005
537982
633511
671405
302855
936154
597532
627969
907191
894284
527449
385902
457743
131555
623010
148243
770378
628831
184570
526498
16871
329821
812963
465598
936004
506118
872456
137079
290240
470754
567782
247277
148066
624383
549387
138113
35162
369800
647777
280181
328834
818756
30370
939829
953503
880232
689285
23141
352776
826766
46777
94334
511716
462871
604170
318528
568648
596066
179068
547056
24941
753648
663558
282801
746284
225976
526363
100554
360646
956488
191158
629073
904138
514246
439377
750462
774513
829705
541921
175852
83219
76163
44099
626086
422003
990522
299173
196561
135607
747973
526698
834827
474095
143285
637167
842718
316279
513568
706422
835443
353657
411282
977401
366300
605308
208158
876866
722011
704647
627162
532454
164133
199508
510634
840279
859058
444117
955713
165388
81710
924167
366124
841206
708250
825269
923613
386207
437453
385247
526350
469240
886691
715797
740378
2916
83717
467512
654956
413034
169532
724748
100808
386904
97530
81738
494868
931194
894482
785013
56756
556573
128756
81713
333780
999833
261765
93474
853679
784714
133425
358827
298498
81246
659420
926158
611855
276160
294802
652979
673309
335889
31489
533942
29527
433607
123472
900230
463681
190819
623679
240103
811213
590281
257075
980995
959051
21901
63593
131765
564088
672826
891797
466080
228353
595294
614816
860676
343334
315944
350970
778908
637894
134952
831414
149157
756117
817449
708153
587998
157616
802288
810774
822996
537241
272415
651128
543193
146074
786616
968311
735125
430491
72600
449052
304306
663084
796882
773104
777060
200020
588998
576724
776112
119538
700599
373942
788302
364885
256895
336264
3071
361425
966893
86280
183457
294832
254606
332717
352246
3683
521284
744932
342345
902630
667022
151658
70139
169707
646550
463359
146332
149522
643690
869151
453052
493461
524829
918736
598631
484507
31614
181818
775763
329881
437285
171199
968880
776400
287139
803954
131627
446273
290017
398106
156529
271074
7512
483585
333152
449842
7957
947022
237924
473902
631309
398110
229492
511323
778597
283701
494491
729330
621125
534546
546019
155831
92414
658386
399350
529341
407969
928548
611592
857168
78791
717336
792943
244767
560065
17746
841316
414115
192845
477469
643317
715670
529648
793607
742960
722695
69931
897560
761040
725935
347506
897745
702013
221668
871558
920663
19444
899385
701627
160027
68626
343215
842404
608391
179262
878754
73697
814250
80170
468147
82848
471058
749961
540081
13381
243451
366508
628452
539353
261663
855140
8021
311810
31197
407629
595709
692710
327245
300491
966308
375043
308252
912814
209033
93131
743608
903619
970553
837043
352010
870598
609807
712029
314566
384179
946025
828195
709949
935052
687409
754256
857182
240779
320902
942790
562447
800471
434635
189294
133990
64921
268978
160827
265427
766537
369230
361454
136090
459769
465804
143038
802035
452566
937059
593573
624316
642746
275432
296765
374454
691180
644886
225859
987997
763434
690771
672190
600793
345308
376837
937019
449506
599418
887491
817966
951785
276416
790414
158885
550289
968591
871984
473485
344235
267627
165417
25426
385374
413665
562390
318124
879788
904903
164931
864694
544328
543700
13222
375775
294110
500595
237962
25528
785821
670367
557765
763002
710988
690542
199362
164904
745191
516020
725237
254515
7919
